11
1324 1066 3067 4054 2494 949 642 2374 1360 2792 0
3334 2322 1960 1025 460 876 4095 3811 291 3414 1102 3873 3293 0
1305 446 237 265 1600 1956 0
488 12 286 120 283 238 187 392 48 0
2305 1925 2880 11390 2273 4456 12035 2687 8446 6746 1075 9922 14011 0
266 501 254 78 130 345 329 25 89 209 294 285 185 281 0
8069 1065 7016 3144 3450 7006 2325 1395 1075 0
435 1102 5717 9997 11110 15956 6662 6728 0
3701 5423 5911 3474 882 4618 5026 8069 561 5676 5259 0
9802 8903 7797 3319 2820 14182 0
83 361 445 325 73 498 329 193 234 495 437 312 72 38 319 0