15
10010010111000010011101000101100100010110101001011
01010010111000010011010100101101010010110001010011
00100010110100001011010100101100101011001010001110
00101011000000101100000010110000000001100101011001
00100111001001011100001001110000100110100001011101
00100110010001011100100101101000010110010101100101
01011100001001110000100110000010011100001001100000
10011001010110100010011001000101101000010110000010
01110001010111000010011010100101100101011100000000
11000101001110010010111010100011001000101101000010
11010100101100101011100001001110101010111010001011
01001000110000101011100100101100010100110100100011
00001010111000010011010100101100101011001010001100
10001011010000101110000100111010010011100001001101
001000110000010011