22
JABA 20 23 21 22 19 16 17 14 16 16 13 15 13 16
GOLD 22 21 22 25 26 24 22 25 28 29 27 28 29 27
SUGR 55 53 51 52 53 49 49 48 45 46 44 40 44 47
INSX 46 44 43 43 44 45 44 42 39 37 37 35 32 35
VDKL 234 235 234 234 235 235 237 236 235 234 233 235 237 239
WOWY 113 110 110 111 114 112 112 114 115 114 111 114 113 112
FLNT 166 165 166 165 164 164 165 164 163 164 165 164 165 165
DALG 70 69 71 68 68 70 67 66 62 63 61 59 55 52
ASDF 37 39 36 38 39 40 39 42 40 42 45 43 45 45
MARU 62 64 68 66 63 60 60 57 54 58 57 53 53 53
FANT 45 43 45 44 43 44 46 47 46 46 45 44 46 45
SLVR 53 52 52 52 53 52 52 53 52 52 52 53 53 54
PNSN 60 60 62 64 65 64 66 67 68 70 70 70 69 70
ZEOD 25 23 21 22 21 23 22 20 19 20 19 17 16 15
IMIX 44 41 39 41 38 41 43 44 40 38 36 40 36 39
BLEP 50 49 49 48 48 49 50 50 50 50 51 52 51 50
CKCL 233 231 228 229 226 225 224 223 226 226 225 223 226 225
FOTA 195 197 199 197 199 196 194 193 190 188 185 187 190 189
JEOP 236 237 238 237 236 237 237 237 236 236 236 236 236 235
OBAM 88 87 87 89 86 84 83 81 78 78 81 83 86 87
YUKA 67 67 68 67 66 67 69 70 72 73 74 71 73 76
SAKK 25 24 22 23 25 25 26 28 29 31 29 30 32 33