22
8
3524578
33449372971981195681356806732944396691005381570580873
432995556774426913953123610518785740738997352293147773391602699511793756235520810632382557083997728981
17690617586682990180447203622188161240682337031027142006892310369574875779255058929007841461590953
21624566574033249908479058525261934298547801008518093327427828213794236274252366061503132978728550110978101030934864543624309608482456326210698525158753672353459406510105385364770
47068900554068939361891195233676009091941690850
9798174451120912445558785144649757148082243494220523290580147486639333658127841144016820895796354650742381254461383043036431993463924350848845186326770158156487270591499492561
21302556278029922824403772687475870648328644520417099596594846137931484729774725789893103579450906047577158832140991859250996305240564072
19134702400093278081449423917
5352192671880163019960259087430448530489942973930635071695148580255101354623050270656912890480561126912211673224303065
157928677948851033162880158208040021697730983590298819190379481318411
498454011879264
513046096410135744956308671685999520418925177336820634944049503143741976389648656565623846131126467701745307742231909276542036009705130980205739218571236235535768705047676713655440321965324781
359579325206583560961765665172189099052367214309267232255589801
1115431593560796532808555613387415446435640602179650541231738132603247322617636923378668235747257928207760719121572766322243359119244897932753117196435737
701408733
1224721520064119488596350204367183389075849933159057042657510865196266522836010791326704071401133481210606910779328443662775605
1981641046217181630223446776341037079709877940526002389528019162689081976878763560907850195126187133921809903075415013440832808
985864329041134079854737521712801814394706432953315510410398508752777354792040897021902752675861
108788617463475645289761992289049744844995705477812699099751202749393926359816304226
25681508899600997067167913917673267005781650175546286474198377544968911008983126672