21
1 52 1197 40 465 60 752
2 58 700 63 721 48 712
3 54 786 52 692 70 115
4 60 750 65 772 51 599
5 70 537 73 501 40 516
6 48 610 41 626 68 606
7 68 737 68 71 68 656
8 61 545 62 525 53 253
9 46 1167 39 251 44 945
10 64 567 64 581 48 480
11 44 598 44 586 42 322
12 40 727 43 389 36 323
13 70 991 70 717 70 289
14 64 1063 46 142 67 1037
15 53 840 45 724 69 277
16 50 615 45 618 55 636
17 46 749 42 371 50 679
18 43 1034 63 223 38 815
19 43 932 60 881 46 76
20 59 558 62 580 58 425
21 46 1070 42 973 58 797